0 0.3004807692307692 0.09495192307692307 0.03485576923076923 0.1141826923076923
0 0.22956730769230768 0.22716346153846154 0.039663461538461536 0.09495192307692307
0 0.38341346153846156 0.19110576923076922 0.046875 0.09615384615384616
0 0.515625 0.2956730769230769 0.037259615384615384 0.109375
0 0.5564903846153846 0.3918269230769231 0.06971153846153846 0.0625
0 0.4411057692307692 0.4050480769230769 0.04927884615384615 0.07572115384615384
0 0.44711538461538464 0.4879807692307692 0.0625 0.0625
0 0.4735576923076923 0.6370192307692307 0.04447115384615385 0.08173076923076923
0 0.453125 0.6778846153846154 0.05048076923076923 0.07211538461538461
0 0.3112980769230769 0.6923076923076923 0.046875 0.07932692307692307
0 0.4519230769230769 0.8858173076923077 0.03485576923076923 0.09254807692307693